%YAML:1.0
---
descriptors:
   -
      id: "0001"
      mat: !!opencv-matrix
         rows: 128
         cols: 1
         dt: f
         data: [ -0.717562973, -0.508898854, -0.748423815, 0.121771775,
             -2.07405949, 0.085578844, 0.161089927, 0.1091028,
             -2.11542511, 1.30502796, 1.10920942, 0.8164801, -1.32223129,
             0.0134051293, 0.403142512, -0.360627115, -1.73858094,
             0.353248507, -2.53606105, 0.688042819, -0.487236649,
             -2.33481574, -0.608209729, -0.253127486, 0.362731993,
             1.09964633, -1.20008969, -0.205153614, -0.877479613,
             0.296467125, -0.692966938, -0.316774577, 1.26158404,
             -0.360907853, -0.673281133, -0.229040548, -0.679921329,
             1.09339476, -0.495034128, 0.242145434, -0.730982184,
             -0.660160482, 0.92494601, 0.557514548, 1.42599189,
             -1.48995137, 1.60818768, -0.00831745658, -1.06670105,
             -0.306673914, -1.22036433, -0.326427072, -0.360365212,
             0.1629567, -0.0865876377, 1.44575036, 0.65910691,
             0.293160677, 0.762340844, -0.138296381, 1.1309278,
             1.74953973, 0.377121568, -0.438772053, 1.35687935,
             0.631429076, 1.41601801, 0.92109865, -0.49603492,
             0.597459972, 1.07111824, -0.678973019, 0.0621786714,
             0.260587096, -1.91881502, 1.01743698, 0.497595966,
             0.852107346, -0.523326397, -1.64894581, -0.49305889,
             0.604532897, -0.636188686, 0.701295257, 0.703943074,
             -0.894064188, -1.52667212, 0.526426494, -1.15479016,
             -0.303677231, 0.302393705, -0.815342665, -0.492830575,
             0.943518162, 0.89950788, -1.12609637, 0.304559499,
             1.13117123, -1.59886897, 0.442495286, -0.841207087,
             0.933432579, 0.480975211, 0.585211277, 0.313930482,
             2.57145405, -0.549914241, 1.59098494, -1.93679142,
             1.64458811, 1.3438344, -1.40106022, 1.44265115, -1.38647974,
             0.353519291, -0.284522474, 0.303481698, -0.527857959,
             1.99024677, 0.369991243, 0.235748723, 0.436089814,
             0.907898128, -0.348131865, -1.98127759, -0.466042578,
             0.158426836, 0.874648511 ]
   -
      id: "0002"
      mat: !!opencv-matrix
         rows: 128
         cols: 1
         dt: f
         data: [ -0.63455981, -1.46468198, -0.923384428, 0.576489151,
             -0.0369908661, 0.594141781, -0.922690153, 0.2963337,
             -1.92894387, -0.625531852, -0.353338242, -0.873750031,
             -0.705151498, 0.463468641, -0.991642296, -1.15703845,
             0.423622638, -0.340614796, -0.239826843, -0.758883059,
             0.0960695148, 0.674843132, -0.138996065, -0.188479096,
             0.811974943, -0.157134548, -0.853614688, -1.25592804,
             1.4875046, 0.435326278, -0.241952181, 0.285530895,
             -0.0347434282, -0.988042831, -0.885285318, 0.727442205,
             2.14500332, 0.98646605, 0.265227526, 1.59293723, -1.2756511,
             -0.393271655, 0.402582675, 1.15447724, -0.188120037,
             -1.04102314, 1.42058206, -1.36809993, 1.3029654,
             0.163366556, 0.928047061, 0.532458186, 0.482960761,
             -1.63203681, 0.720141947, -0.922511637, 1.71572113,
             -0.139647275, -0.537308931, -1.00794768, 1.354388,
             0.329323202, 0.692982733, -1.08932185, 0.0930935219,
             -0.655528009, 0.322205514, -1.40541971, 0.238282114,
             0.602799833, -1.79260612, -0.849536598, -0.493392408,
             -0.435961992, 1.2317096, 1.27826977, 1.3184396, 0.736475468,
             0.849940956, -0.177554697, -0.297784865, 0.525323033,
             0.102506787, -1.40326643, 1.2430042, 1.32254958, 2.02740884,
             1.06852174, -1.62075889, -0.920497358, -0.0405112915,
             1.89569795, -1.22940421, -1.57468629, 0.777387917,
             -0.634581208, 0.30398339, 0.901851237, 0.100592017,
             1.65729761, -0.468116581, 0.138369337, -0.277117968,
             1.00045419, 0.470822573, -1.48931646, -1.28654015,
             -2.26267791, -1.71389806, 0.677772045, 1.59323823,
             1.2954601, -0.762704432, -0.374753982, -0.268120199,
             0.451454788, -0.223532289, -1.78085887, 2.30464602,
             0.495773286, 1.21477044, 0.362606704, 1.18527436,
             -0.953341365, 0.743504524, -0.598101735, -0.169657007,
             -1.13749218 ]
   -
      id: "0003"
      mat: !!opencv-matrix
         rows: 128
         cols: 1
         dt: f
         data: [ 1.35100198, 0.730625153, -0.370720893, -1.90910029,
             0.88400048, -2.63501787, 0.76266253, -0.770667136,
             0.0964063033, 0.738413572, -0.464954287, 0.796369731,
             1.46478009, 1.17860222, 0.673944056, -1.42136633,
             -0.908700764, 1.32604361, 1.8642292, 0.227210432,
             0.220451519, -0.691511452, 0.204843163, -0.0250174925,
             1.32027757, -1.00306404, 1.16133809, -0.882047474,
             -2.33611131, -0.73619312, -0.522849858, -0.491389185,
             -0.291165024, -0.828039885, -2.15359068, 1.27845657,
             1.01414132, -0.197841287, -0.255558014, -0.669204593,
             0.909300745, 0.348566681, 0.876030385, 0.153505877,
             -1.23668385, -0.943345189, -0.651640952, -1.68278444,
             1.24924958, 0.753258228, 0.470581114, 1.27292931,
             -0.308025688, 0.489332467, 1.51732481, -1.8409667,
             -0.316981375, 0.331969947, -0.361324489, -0.436299115,
             -0.244209081, 0.200949043, -0.503848553, -0.324723423,
             -0.391244501, 1.86132431, 2.66067338, 0.383133143,
             -0.560093403, 0.581897497, 1.16320336, -0.100018278,
             0.407177567, -0.777158082, 1.47040033, 0.134391576,
             1.55371332, -1.08286035, 0.0275605135, -0.798393607,
             1.47806084, 0.407564163, 0.86226964, -0.187916875,
             0.235449359, -1.06038702, -0.0789393559, 0.698485374,
             -2.6466279, -1.50528991, -0.865221679, -1.09571207,
             -0.170783728, -0.508146405, -1.70890117, -0.0923314765,
             -0.461131841, -0.0372400098, 0.0948296487, 0.301169991,
             0.0602276139, 0.573290288, 0.104875334, 0.804709494,
             -0.176671624, 1.32208061, 0.352787495, 1.23560512,
             -0.146386951, 1.43161929, -2.42700696, -0.103499331,
             -1.20604956, 0.894429088, -0.504456043, -0.642812133,
             -0.260425389, -0.350548089, 0.318411022, 0.625201523,
             0.0944538191, 0.688942909, 0.232509822, -0.819823325,
             1.47240722, -0.575949371, 0.366913199, -1.00959289 ]
