%YAML:1.0
---
descriptors:
   -
      id: "0001"
      mat: !!opencv-matrix
         rows: 128
         cols: 1
         dt: f
         data: [ 1.8123107, 0.407686383, 0.622504532, -0.248653993,
             1.39335084, -2.26787019, 0.242187813, -1.12045574,
             0.0669329762, 1.43670547, 0.405869037, 0.930206001,
             -0.111437157, 0.592172027, 0.482584417, -1.25433147,
             -1.53467965, 0.382981867, 1.10256803, 0.00926657952,
             0.850585163, -1.35216689, 0.0488285385, 0.70794642,
             0.63301909, -0.859274507, 1.20106161, -0.491164744,
             -1.24389923, -0.477648288, -0.85755825, 0.210292116,
             0.122451305, -1.20369625, -1.92156923, -0.0734483451,
             -0.274152428, -0.847084522, -0.387976229, 0.220219493,
             0.836253047, 0.89355731, -1.3728106, -0.0865206718,
             -0.345287561, -0.0645435527, -1.14687276, -2.42810893,
             1.47987545, -1.37962735, -0.746829629, -0.189785406,
             -0.709895074, 0.410463363, 2.42486596, -1.55873597,
             0.491302431, 0.760672927, 0.0326481275, -0.542467415,
             0.607321858, -0.0783614367, -0.466353118, 0.746011794,
             -0.755132616, 1.35056281, 3.19337606, -0.298049837,
             -0.244119927, 0.90722847, 0.639729679, -0.810489953,
             0.997795165, -0.582989156, 1.33924901, -0.684654355,
             0.835749745, -0.370202929, -0.0175242368, -0.648381352,
             -0.260658681, 0.811805665, 0.67712307, 0.628939331,
             0.759217203, 0.36439994, -0.58144927, -1.53169286,
             -2.70832944, -1.6951201, 0.202288955, -0.451484025,
             -0.515955031, -0.295483828, -1.31234717, -0.509030104,
             -0.8566131, 0.915036857, -0.554863632, -0.0933558941,
             0.601033509, 0.982057095, 0.419358522, 0.514186203,
             0.769526362, 1.52573526, 0.328337431, 1.25021315,
             -0.950381815, 1.55595613, -1.49305558, -0.39856869,
             -0.117208585, 0.182969853, -0.337848514, -0.552645981,
             -1.12947285, -0.35709703, 0.553980529, 0.608270168,
             -0.0191086624, 2.60071492, 0.509481728, -0.671630204,
             1.56581271, -0.0628835186, 0.567955673, -1.21169925 ]
