%YAML:1.0
---
descriptors:
   -
      id: "0001"
      mat: !!opencv-matrix
         rows: 128
         cols: 1
         dt: f
         data: [ -0.603631377, -0.589148402, -0.70440805, 0.227710694,
             -2.08164668, 0.0907348022, 0.191480696, 0.0915571004,
             -2.14701748, 1.322734, 1.22750509, 0.899470329, -1.26047003,
             -0.065472275, 0.434518456, -0.359338075, -1.80272007,
             0.442739904, -2.45186138, 0.820878148, -0.446585804,
             -2.35808873, -0.59041965, -0.183501899, 0.249206021,
             1.19471538, -1.2361958, -0.10665442, -0.844720423,
             0.221476465, -0.855560958, -0.331662208, 1.39799654,
             -0.253401697, -0.762591839, -0.154658943, -0.67100805,
             1.05012918, -0.60231179, 0.229030982, -0.679739177,
             -0.72432059, 0.982572913, 0.477629066, 1.30565929,
             -1.34342682, 1.77271533, 0.042288769, -1.16449046,
             -0.313487291, -1.35950255, -0.329979777, -0.362991989,
             0.163826346, -0.115168564, 1.44542813, 0.638509512,
             0.262966245, 0.733865261, -0.0874180645, 1.07198966,
             1.7407285, 0.356761903, -0.44303304, 1.29576063,
             0.669112027, 1.34260988, 0.794465482, -0.562573969,
             0.609803677, 1.04049611, -0.635832727, 0.055875577,
             0.435424238, -1.7617445, 0.970546663, 0.475027829,
             0.841419339, -0.707361221, -1.6303643, -0.53280735,
             0.750473917, -0.673855007, 0.697063029, 0.688335001,
             -0.958323121, -1.41453671, 0.528957725, -1.24747956,
             -0.328094482, 0.297062218, -0.987711906, -0.545769215,
             0.894506514, 0.839276671, -1.1926949, 0.352111369,
             1.14930737, -1.50962532, 0.474211752, -0.789897144,
             0.952070773, 0.434838861, 0.605275035, 0.0424015857,
             2.43043065, -0.483903944, 1.55489659, -1.87662637, 1.594383,
             1.46284008, -1.38716829, 1.38862872, -1.38773012,
             0.31504488, -0.171556383, 0.374764979, -0.578436613,
             2.06483817, 0.240135744, 0.227739394, 0.598255634,
             0.907875776, -0.295381308, -1.9830277, -0.42609033,
             0.0695123449, 0.9026227 ]
