%YAML:1.0
---
descriptors:
   -
      id: "00000"
      mat: !!opencv-matrix
         rows: 128
         cols: 1
         dt: f
         data: [ 6.92350149e-01, -1.14119798e-01, 1.42191029e+00,
             -1.28888428e+00, -8.60970904e-05, 1.58119500e+00,
             -5.80497742e-01, -1.47320300e-01, -8.83083269e-02,
             -2.92437673e-01, -8.13941538e-01, -6.76102340e-01,
             9.26966488e-01, -6.38068616e-01, 2.38332711e-02,
             -9.30325150e-01, 1.45676875e+00, 1.39010680e+00,
             -7.47886062e-01, 1.46899831e+00, -9.97580767e-01,
             -9.74303603e-01, -9.38152313e-01, 8.46353948e-01,
             -7.06034005e-01, 7.94070184e-01, 1.51138067e+00,
             -3.30065697e-01, 2.87245750e-01, 1.90468407e+00,
             1.26692259e+00, 1.30359322e-01, 9.56220031e-02,
             -8.68445635e-01, 3.09270471e-01, 4.65615094e-01,
             -1.95316732e+00, 6.37343943e-01, -1.63787082e-02,
             1.85863066e+00, -1.63789719e-01, 8.20900977e-01,
             4.07201052e-02, -3.65528077e-01, -1.34575796e+00,
             -2.07921171e+00, -6.28481328e-01, 1.05161464e+00,
             -1.64411217e-01, -4.40839440e-01, -1.51901650e+00,
             -6.39262974e-01, -1.35528898e+00, 8.49372029e-01,
             2.87391156e-01, 1.71058849e-01, 2.31301403e+00,
             1.16569901e+00, 5.66479623e-01, 4.48559225e-01,
             7.68273711e-01, 1.94601744e-01, 1.93538621e-01,
             1.52330101e+00, 2.26063520e-01, 1.35624444e+00,
             -7.83797801e-01, -1.00615466e+00, -7.46634305e-02,
             4.28814702e-02, 9.26734030e-01, -1.07569170e+00,
             -7.66049504e-01, -7.03138351e-01, -8.77712548e-01,
             2.84307957e-01, 1.04895341e+00, 2.69494772e-01,
             -1.04788117e-01, 2.80264407e-01, -1.21961229e-01,
             -1.10359579e-01, -3.43743742e-01, 8.68106186e-01,
             -4.46024925e-01, -1.45234358e+00, 1.40373468e+00,
             1.39651239e+00, 7.69404054e-01, -1.50007451e+00,
             8.07103813e-01, -1.28767753e+00, 4.14854288e-01,
             5.36032200e-01, 1.12651348e+00, 2.55083472e-01,
             6.67026758e-01, 8.41410816e-01, -1.84973800e+00,
             -5.28211474e-01, -2.62735748e+00, 9.64073464e-02,
             9.42550302e-02, 9.38464880e-01, -1.08086181e+00,
             4.85291034e-01, -6.14506304e-01, -1.20523684e-01,
             4.51395400e-02, 5.34032702e-01, 2.77646494e+00,
             -5.87034225e-01, -1.33943617e+00, -3.09455752e+00,
             4.21898007e-01, -3.24011207e-01, 9.00814608e-02,
             -2.88066953e-01, 2.51180112e-01, -1.02825928e+00,
             -1.78097188e+00, 1.01493454e+00, -7.12834179e-01,
             8.98381993e-02, -1.42379236e+00, -6.32231880e-04,
             3.29742461e-01, -2.93939233e-01 ]
   -
      id: "liuhu"
      mat: !!opencv-matrix
         rows: 128
         cols: 1
         dt: f
         data: [ 9.22560215e-01, -4.96107608e-01, 3.28284591e-01,
             -7.83099055e-01, 1.47507155e+00, -2.65077686e+00,
             1.26676667e+00, -1.00577128e+00, -4.52114433e-01,
             5.30362844e-01, 8.30511093e-01, 1.19711494e+00,
             -6.00282133e-01, 6.97541535e-01, 2.96824306e-01,
             -1.21165836e+00, -2.61511087e-01, 7.90544271e-01,
             1.15001285e+00, 2.47266963e-01, -4.07548159e-01,
             -1.44017911e+00, 9.17872012e-01, 5.94450772e-01,
             1.57281804e+00, -1.11153579e+00, 1.38062525e+00,
             -1.52881885e+00, -1.72903824e+00, -1.53388470e-01,
             -1.06532907e+00, 8.79770964e-02, -9.31100734e-03,
             -2.06428364e-01, -2.22885847e+00, -5.07071257e-01,
             -5.49630970e-02, -1.55753970e+00, 4.23430085e-01,
             -4.62741017e-01, -2.01065809e-01, -1.64517477e-01,
             6.28947139e-01, 6.15620077e-01, -1.23384881e+00,
             -6.80301130e-01, -1.13110459e+00, -1.88613784e+00,
             1.70513904e+00, -4.83286083e-01, 1.82710677e-01,
             4.07792628e-01, -8.59746575e-01, 5.05178511e-01,
             2.15375066e+00, -1.10675752e+00, 4.33281928e-01,
             -6.14583015e-01, -2.26089600e-02, -9.25406039e-01,
             -2.67951101e-01, 8.80291641e-01, -2.92121857e-01,
             1.08042872e+00, -9.50446248e-01, 1.67327642e+00,
             3.20601058e+00, 3.30022305e-01, -1.03894985e+00,
             7.99623966e-01, 7.05144823e-01, -1.36534914e-01,
             4.82201308e-01, 3.92730772e-01, 1.33589673e+00,
             -6.81989118e-02, 1.18132567e+00, -8.27089012e-01,
             -2.34775662e-01, -1.14168867e-01, 4.74992275e-01,
             5.19214630e-01, -4.42790121e-01, 5.53254560e-02,
             2.54701376e-01, 8.58178973e-01, -1.58230826e-01,
             -9.31379080e-01, -1.12100589e+00, -2.11800051e+00,
             3.56715638e-03, -7.46117681e-02, 1.77204981e-01,
             -4.65313166e-01, -7.99229085e-01, -2.27997050e-01,
             -9.80225086e-01, -2.75776505e-01, 8.35925639e-02,
             -1.70277972e-02, 3.97655576e-01, -2.18460396e-01,
             2.23827939e-02, -7.45280087e-01, -7.07267582e-01,
             1.68499291e+00, -6.29017532e-01, 1.43290830e+00,
             -5.52140296e-01, 2.27515292e+00, -2.18530750e+00,
             2.62177855e-01, -4.55225289e-01, 2.00594926e+00,
             -2.70858049e-01, -3.57850343e-01, -8.16159606e-01,
             8.38268459e-01, 7.07379699e-01, 3.33616316e-01,
             -5.04469573e-01, 1.73935854e+00, 1.19756214e-01,
             -7.70729244e-01, 1.73035920e+00, -3.92937124e-01,
             7.59531438e-01, -7.64714599e-01 ]
   -
      id: liweina
      mat: !!opencv-matrix
         rows: 128
         cols: 1
         dt: f
         data: [ -8.27649057e-01, -2.27874923e+00, 2.09055901e+00,
             -1.66129041e+00, -1.08587778e+00, -3.68487388e-01,
             -9.66484070e-01, -1.21596798e-01, 8.90877545e-01,
             1.75139964e-01, -1.30629432e+00, 6.42833173e-01,
             8.34606647e-01, -3.15427750e-01, -1.63066554e+00,
             -1.59408200e+00, 1.04319847e+00, 5.76255798e-01,
             7.63033926e-01, 2.14151025e-01, -7.21894562e-01,
             -3.13806593e-01, 1.61037362e+00, 4.06673580e-01,
             1.05336440e+00, 5.93131602e-01, 1.60008624e-01,
             -1.45218477e-01, 6.59724474e-01, -2.93573856e-01,
             1.35251641e+00, -1.49369991e+00, -1.18402101e-01,
             1.04722366e-01, 1.20574045e+00, -5.60867429e-01,
             9.88905907e-01, -1.48786414e+00, -1.85516322e+00,
             1.21098690e-01, -4.89329100e-01, 5.23835361e-01,
             2.48432472e-01, 2.60081381e-01, -2.14969069e-01,
             -1.36753798e+00, -1.46303344e+00, 1.43044508e+00,
             1.13340473e+00, -8.21590841e-01, -6.76369667e-02,
             -8.75435889e-01, 9.54748154e-01, 9.89159271e-02,
             -6.36914698e-03, 1.52468967e+00, -1.78971753e-01,
             1.78371191e+00, -6.61032081e-01, 7.49291897e-01,
             -7.58970305e-02, -3.92611809e-02, -8.04516494e-01,
             -6.91924572e-01, -2.28982583e-01, -1.44128001e+00,
             1.67698872e+00, -1.67990804e+00, -1.40645638e-01,
             8.71623397e-01, 1.48227787e+00, 7.35962749e-01,
             8.27679858e-02, 1.60061300e+00, 5.26246905e-01,
             -6.55041113e-02, 8.52104843e-01, -7.37235546e-01,
             1.74961245e+00, -4.43798929e-01, 1.69664919e+00,
             -1.24916814e-01, 4.12945718e-01, -4.77057070e-01,
             2.08522558e+00, 7.42271602e-01, -8.14666271e-01,
             -1.95898816e-01, 9.63554323e-01, -1.52938032e+00,
             7.21059799e-01, -4.04695841e-03, -7.00557590e-01,
             2.83772475e-03, -8.84990215e-01, 1.36599410e+00,
             1.86518788e-01, 4.88515556e-01, -6.29903138e-01,
             2.29398727e-01, -9.93090093e-01, -4.73785996e-01,
             -5.40644452e-02, 1.33944058e+00, -4.37686145e-01,
             2.09716946e-01, -1.53585613e+00, -1.51921916e+00,
